sqrt(2) = 1.41421
2^(1/5) = 1.1487
e^pi = 23.1407
pi^e = 22.4592
fgamma(1) = 1
lnfgamma(1) = -1.09351e-08
fgamma(2) = 1
lnfgamma(2) = -1.09351e-08
fgamma(3) = 2
lnfgamma(3) = 0.693147
fgamma(4) = 6
lnfgamma(4) = 1.79176
fgamma(5) = 24
lnfgamma(5) = 3.17805
fgamma(6) = 120
lnfgamma(6) = 4.78749
fgamma(7) = 720
lnfgamma(7) = 6.57925
fgamma(8) = 5040
lnfgamma(8) = 8.52516
fgamma(9) = 40320
lnfgamma(9) = 10.6046
fgamma(10) = 362880
lnfgamma(10) = 12.8018
